model_name      :    psadresnet18
params          :         1684736

Train
epoch           :              60
recall          :      0.48726300
precision       :      0.49650504
f1_score        :      0.49184061
train_loss      :      1.56994303
val_loss        :      2.23271812

Evaluation
process_time    :      1.87428685
recall          :      0.48730000
precision       :      0.49675605
f1_score        :      0.49198259
loss            :      2.22532360