model_name      :     psaresnet18
params          :         1703528

Train
epoch           :              72
recall          :      0.47366749
precision       :      0.48131992
f1_score        :      0.47746304
train_loss      :      1.47562445
val_loss        :      2.35990224

Evaluation
process_time    :      1.63764500
recall          :      0.47310000
precision       :      0.48095197
f1_score        :      0.47699367
loss            :      2.35575159