model_name      :       dresnet18
params          :         1435008

Train
epoch           :              55
recall          :      0.46673687
precision       :      0.48318382
f1_score        :      0.47481796
train_loss      :      1.70389038
val_loss        :      2.32063340

Evaluation
process_time    :      1.39830595
recall          :      0.46780000
precision       :      0.48333654
f1_score        :      0.47544138
loss            :      2.31653549