model_name      :    psadresnet18
params          :         1684736

Train
epoch           :              60
recall          :      0.48968176
precision       :      0.50015230
f1_score        :      0.49486165
train_loss      :      1.57261686
val_loss        :      2.23040453

Evaluation
process_time    :      1.88633761
recall          :      0.48950000
precision       :      0.49918976
f1_score        :      0.49429740
loss            :      2.22642828