model_name      :     psdresnet18
params          :         1742104

Train
epoch           :              75
recall          :      0.49242211
precision       :      0.50416213
f1_score        :      0.49822297
train_loss      :      1.49943454
val_loss        :      2.29138244

Evaluation
process_time    :      1.56695834
recall          :      0.49280000
precision       :      0.50458165
f1_score        :      0.49862124
loss            :      2.28696505