model_name      :    psadresnet18
params          :         1684736

Train
epoch           :              62
recall          :      0.48547481
precision       :      0.49809871
f1_score        :      0.49170575
train_loss      :      1.52589510
val_loss        :      2.23612563

Evaluation
process_time    :      1.90888138
recall          :      0.48480000
precision       :      0.49738619
f1_score        :      0.49101245
loss            :      2.23333358