model_name      :       dresnet18
params          :         1435008

Train
epoch           :              56
recall          :      0.47142543
precision       :      0.48397905
f1_score        :      0.47761977
train_loss      :      1.68399232
val_loss        :      2.32545750

Evaluation
process_time    :      1.43954926
recall          :      0.47200000
precision       :      0.48463126
f1_score        :      0.47823224
loss            :      2.32168500