model_name      :    psddresnet18
params          :         1723312

Train
epoch           :              61
recall          :      0.48508289
precision       :      0.50152931
f1_score        :      0.49316902
train_loss      :      1.56672378
val_loss        :      2.26758661

Evaluation
process_time    :      1.79762753
recall          :      0.48540000
precision       :      0.50120227
f1_score        :      0.49317458
loss            :      2.26041709