model_name      :     psdresnet18
params          :         1742104

Train
epoch           :              47
recall          :      0.48073028
precision       :      0.49314367
f1_score        :      0.48685786
train_loss      :      1.90332084
val_loss        :      2.22306739

Evaluation
process_time    :      1.60245329
recall          :      0.48010000
precision       :      0.49214479
f1_score        :      0.48604779
loss            :      2.21859018