model_name      :       dresnet18
params          :         1435008

Train
epoch           :              59
recall          :      0.46744109
precision       :      0.48812309
f1_score        :      0.47755827
train_loss      :      1.64226134
val_loss        :      2.36270656

Evaluation
process_time    :      1.45442064
recall          :      0.46810000
precision       :      0.48864067
f1_score        :      0.47814984
loss            :      2.35948376