model_name      :     psdresnet18
params          :         1742104

Train
epoch           :              70
recall          :      0.48830071
precision       :      0.50493941
f1_score        :      0.49648070
train_loss      :      1.56002048
val_loss        :      2.25991035

Evaluation
process_time    :      1.58186906
recall          :      0.48760000
precision       :      0.50455057
f1_score        :      0.49593049
loss            :      2.25738019