model_name      :    psadresnet18
params          :         1684736

Train
epoch           :              59
recall          :      0.48354934
precision       :      0.50011322
f1_score        :      0.49169182
train_loss      :      1.59484079
val_loss        :      2.24098566

Evaluation
process_time    :      1.87953336
recall          :      0.48540000
precision       :      0.50196110
f1_score        :      0.49354166
loss            :      2.23590674