model_name      :    psddresnet18
params          :         1723312

Train
epoch           :              75
recall          :      0.48423297
precision       :      0.49514269
f1_score        :      0.48962707
train_loss      :      1.35679248
val_loss        :      2.31802536

Evaluation
process_time    :      1.79198871
recall          :      0.48580000
precision       :      0.49704874
f1_score        :      0.49136000
loss            :      2.31141571