model_name      :    psddresnet18
params          :         1723312

Train
epoch           :              57
recall          :      0.48272974
precision       :      0.50247478
f1_score        :      0.49240440
train_loss      :      1.64472173
val_loss        :      2.24641243

Evaluation
process_time    :      1.80206964
recall          :      0.48420000
precision       :      0.50401140
f1_score        :      0.49390712
loss            :      2.23967936