model_name      :     psdresnet18
params          :         1742104

Train
epoch           :              70
recall          :      0.48488333
precision       :      0.49481353
f1_score        :      0.48979810
train_loss      :      1.55726160
val_loss        :      2.27895818

Evaluation
process_time    :      1.56875485
recall          :      0.48480000
precision       :      0.49484295
f1_score        :      0.48977000
loss            :      2.27361743