model_name      :    psadresnet18
params          :         1684736

Train
epoch           :              81
recall          :      0.48632505
precision       :      0.49826282
f1_score        :      0.49222157
train_loss      :      1.25065255
val_loss        :      2.37928249

Evaluation
process_time    :      1.89251421
recall          :      0.48650000
precision       :      0.49771201
f1_score        :      0.49204214
loss            :      2.37925647